Тип модели: logreg
Номер датасета: rigid
Количество объектов в тестовой выборке: 2,195
Затраченное время: 0.06s

Classification Report:
                   precision    recall  f1-score   support

   69-я параллель       0.00      0.00      0.00         4
           Бизнес       0.44      0.19      0.27        21
      Бывший СССР       0.73      0.77      0.75       156
              Дом       0.69      0.69      0.69        64
         Из жизни       0.41      0.41      0.41        83
   Интернет и СМИ       0.68      0.68      0.68       133
             Крым       0.00      0.00      0.00         2
    Культпросвет        0.00      0.00      0.00         1
         Культура       0.84      0.85      0.84       160
              Мир       0.75      0.78      0.77       408
  Наука и техника       0.78      0.77      0.78       156
      Путешествия       1.00      0.21      0.35        19
           Россия       0.72      0.72      0.72       477
Силовые структуры       0.34      0.26      0.29        58
            Спорт       0.94      0.95      0.95       193
         Ценности       0.94      0.65      0.77        23
        Экономика       0.76      0.84      0.80       237

         accuracy                           0.74      2195
        macro avg       0.59      0.52      0.53      2195
     weighted avg       0.74      0.74      0.74      2195

Confusion Matrix:
[[  0   0   0   0   1   0   0   0   0   0   1   0   2   0   0   0   0]
 [  0   4   0   0   0   1   0   0   0   2   0   0   2   0   0   0  12]
 [  0   0 120   0   1   0   0   0   1  12   1   0  18   1   0   0   2]
 [  0   0   0  44   4   0   0   0   0   1   1   0   7   1   0   0   6]
 [  0   0   1   0  34   7   1   0   4  15   4   0  14   0   1   1   1]
 [  0   0   5   0   6  91   0   0   6   7   3   0   3   2   3   0   7]
 [  0   0   1   0   0   0   0   0   0   0   0   0   1   0   0   0   0]
 [  0   0   0   0   0   0   0   0   0   0   0   0   1   0   0   0   0]
 [  0   0   1   2   2   6   0   0 136   2   2   0   6   1   1   0   1]
 [  0   0  11   1  15   5   0   0   5 319   4   0  35   2   3   0   8]
 [  0   0   1   0   5   9   1   0   3   4 120   0   7   3   0   0   3]
 [  0   0   1   2   4   1   0   0   0   4   0   4   1   1   0   0   1]
 [  0   3  22   8   7   9   0   0   5  45   2   0 342  16   0   0  18]
 [  0   0   0   0   2   1   0   0   0   2  12   0  21  15   1   0   4]
 [  0   0   0   0   0   2   0   0   1   3   0   0   1   1 184   0   1]
 [  0   0   0   0   2   0   0   0   1   2   2   0   0   0   1  15   0]
 [  0   2   2   7   0   2   0   0   0   5   1   0  16   1   1   0 200]]