Тип модели: svm
Номер датасета: rigid
Количество объектов в тестовой выборке: 2,195
Затраченное время: 1.29s

Classification Report:
                   precision    recall  f1-score   support

   69-я параллель       0.00      0.00      0.00         4
           Бизнес       0.00      0.00      0.00        21
      Бывший СССР       0.74      0.56      0.64       156
              Дом       0.86      0.39      0.54        64
         Из жизни       0.49      0.28      0.35        83
   Интернет и СМИ       0.76      0.53      0.63       133
             Крым       0.00      0.00      0.00         2
    Культпросвет        0.00      0.00      0.00         1
         Культура       0.80      0.74      0.77       160
              Мир       0.66      0.79      0.72       408
  Наука и техника       0.81      0.65      0.72       156
      Путешествия       1.00      0.05      0.10        19
           Россия       0.57      0.84      0.68       477
Силовые структуры       0.50      0.02      0.03        58
            Спорт       0.97      0.89      0.92       193
         Ценности       1.00      0.39      0.56        23
        Экономика       0.72      0.78      0.75       237

         accuracy                           0.69      2195
        macro avg       0.58      0.41      0.44      2195
     weighted avg       0.70      0.69      0.67      2195

Confusion Matrix:
[[  0   0   0   0   0   0   0   0   0   0   0   0   4   0   0   0   0]
 [  0   0   0   0   0   0   0   0   0   1   0   0   3   0   0   0  17]
 [  0   0  88   0   0   0   0   0   0  25   0   0  41   0   0   0   2]
 [  0   0   0  25   1   0   0   0   0   3   1   0  26   0   0   0   8]
 [  0   0   0   0  23   3   0   0   6  30   2   0  19   0   0   0   0]
 [  0   0   2   0   3  71   0   0   8  11   4   0  23   0   2   0   9]
 [  0   0   0   0   0   0   0   0   0   0   0   0   2   0   0   0   0]
 [  0   0   0   0   0   0   0   0   0   0   0   0   1   0   0   0   0]
 [  0   0   1   1   5   5   0   0 119   7   0   0  20   0   1   0   1]
 [  0   0   7   0   8   3   0   0   4 322   2   0  52   0   2   0   8]
 [  0   0   1   0   2   9   0   0   4  11 102   0  20   0   0   0   7]
 [  0   0   0   0   2   0   0   0   0   9   0   1   6   0   0   0   1]
 [  0   0  16   1   0   2   0   0   1  41   1   0 399   1   0   0  15]
 [  0   0   0   0   2   0   0   0   0   7  12   0  33   1   0   0   3]
 [  0   0   3   0   0   0   0   0   2   5   0   0  11   0 171   0   1]
 [  0   0   0   0   1   0   0   0   4   2   1   0   5   0   1   9   0]
 [  0   0   1   2   0   1   0   0   0  13   1   0  34   0   0   0 185]]