Тип модели: logreg
Номер датасета: medium
Количество объектов в тестовой выборке: 2,198
Затраченное время: 0.11s

Classification Report:
                   precision    recall  f1-score   support

   69-я параллель       0.00      0.00      0.00         4
           Бизнес       0.67      0.19      0.30        21
      Бывший СССР       0.74      0.78      0.76       156
              Дом       0.72      0.66      0.69        64
         Из жизни       0.51      0.36      0.42        83
   Интернет и СМИ       0.74      0.70      0.72       133
             Крым       0.00      0.00      0.00         2
    Культпросвет        0.00      0.00      0.00         1
         Культура       0.81      0.86      0.84       161
              Мир       0.76      0.77      0.76       408
  Наука и техника       0.79      0.77      0.78       158
      Путешествия       0.60      0.32      0.41        19
           Россия       0.70      0.78      0.74       477
Силовые структуры       0.44      0.14      0.21        58
            Спорт       0.94      0.94      0.94       193
         Ценности       0.93      0.61      0.74        23
        Экономика       0.74      0.87      0.80       237

         accuracy                           0.75      2198
        macro avg       0.59      0.51      0.54      2198
     weighted avg       0.74      0.75      0.74      2198

Confusion Matrix:
[[  0   0   0   0   0   0   0   0   0   0   0   1   2   0   0   0   1]
 [  0   4   0   1   0   2   0   0   0   0   0   0   1   0   0   0  13]
 [  0   0 121   0   0   0   0   0   0   8   2   0  23   0   0   0   2]
 [  0   0   0  42   2   0   0   0   2   1   0   1   9   0   0   1   6]
 [  0   0   0   0  30   4   0   0   4  25   3   0  13   0   2   0   2]
 [  0   0   4   0   0  93   0   0  10   5   3   0  10   0   3   0   5]
 [  0   0   1   0   0   0   0   0   0   0   0   0   1   0   0   0   0]
 [  0   0   0   0   0   0   0   0   0   0   0   0   1   0   0   0   0]
 [  0   0   0   1   1   4   0   0 139   3   1   0   8   0   1   0   3]
 [  0   0  13   1  14   7   0   0   4 315   3   0  34   1   3   0  13]
 [  0   0   1   0   1   8   0   0   3   4 122   0   7   3   0   0   9]
 [  0   0   0   2   3   1   0   0   0   2   2   6   3   0   0   0   0]
 [  0   1  20   7   5   4   0   0   3  40   2   1 373   5   1   0  15]
 [  0   0   1   0   1   0   0   0   0   5  13   0  28   8   0   0   2]
 [  0   0   1   0   1   0   0   0   2   5   0   0   1   1 181   0   1]
 [  0   0   0   0   1   0   0   0   4   0   2   1   0   0   1  14   0]
 [  0   1   2   4   0   2   0   0   0   3   2   0  16   0   1   0 206]]